1012 SINGEN, 8.641317 47.862278;8.875126 47.859632;8.8722 47.751736;8.638867 47.754376;8.641317 47.862278
1031 NEUNKIRCH, 8.405514 47.756549;8.638867 47.754376;8.636427 47.64647;8.403548 47.648638;8.405514 47.756549
1032 DIESSENHOFEN, 8.638867 47.754376;8.8722 47.751736;8.869286 47.643835;8.636427 47.64647;8.638867 47.754376
1033 STECKBORN, 8.8722 47.751736;9.10551 47.748628;9.10212 47.640733;8.869286 47.643835;8.8722 47.751736
1034 KREUZLINGEN, 9.10551 47.748628;9.338791 47.745052;9.334927 47.637164;9.10212 47.640733;9.10551 47.748628
1035 FRIEDRICHSHAFEN, 9.338791 47.745052;9.57204 47.741008;9.567702 47.633128;9.334927 47.637164;9.338791 47.745052
1047 BASEL, 7.471912 47.652641;7.704831 47.652341;7.704291 47.544418;7.471844 47.544718;7.471912 47.652641
1048 RHEINFELDEN, 7.704831 47.652341;7.937747 47.651573;7.936734 47.543653;7.704291 47.544418;7.704831 47.652341
1049 LAUFENBURG, 7.937747 47.651573;8.170654 47.650339;8.169168 47.542421;7.936734 47.543653;7.937747 47.651573
1050 ZURZACH, 8.170654 47.650339;8.403548 47.648638;8.40159 47.540723;8.169168 47.542421;8.170654 47.650339
1051 EGLISAU, 8.403548 47.648638;8.636427 47.64647;8.633996 47.538559;8.40159 47.540723;8.403548 47.648638
1052 ANDELFINGEN, 8.636427 47.64647;8.869286 47.643835;8.866382 47.535929;8.633996 47.538559;8.636427 47.64647
1053 FRAUENFELD, 8.869286 47.643835;9.10212 47.640733;9.098744 47.532833;8.866382 47.535929;8.869286 47.643835
1054 WEINFELDEN, 9.10212 47.640733;9.334927 47.637164;9.331078 47.529271;9.098744 47.532833;9.10212 47.640733
1055 ROMANSHORN, 9.334927 47.637164;9.567702 47.633128;9.563381 47.525243;9.331078 47.529271;9.334927 47.637164
1056 LINDAU, 9.567702 47.633128;9.800442 47.628625;9.795647 47.520749;9.563381 47.525243;9.567702 47.633128
1064 MONTBELIARD, 6.774515 47.54282;7.006952 47.543919;7.007827 47.435993;6.77586 47.434897;6.774515 47.54282
1065 BONFOL, 7.006952 47.543919;7.239396 47.544551;7.2398 47.436624;7.007827 47.435993;7.006952 47.543919
1066 RODERSDORF, 7.239396 47.544551;7.471844 47.544718;7.471777 47.436791;7.2398 47.436624;7.239396 47.544551
1067 ARLESHEIM, 7.471844 47.544718;7.704291 47.544418;7.703753 47.436492;7.471777 47.436791;7.471844 47.544718
1068 SISSACH, 7.704291 47.544418;7.936734 47.543653;7.935725 47.435727;7.703753 47.436492;7.704291 47.544418
1069 FRICK, 7.936734 47.543653;8.169168 47.542421;8.167688 47.434498;7.935725 47.435727;7.936734 47.543653
1070 BADEN, 8.169168 47.542421;8.40159 47.540723;8.39964 47.432804;8.167688 47.434498;8.169168 47.542421
1071 BUELACH, 8.40159 47.540723;8.633996 47.538559;8.631575 47.430644;8.39964 47.432804;8.40159 47.540723
1072 WINTERTHUR, 8.633996 47.538559;8.866382 47.535929;8.86349 47.428019;8.631575 47.430644;8.633996 47.538559
1073 WIL, 8.866382 47.535929;9.098744 47.532833;9.095381 47.424929;8.86349 47.428019;8.866382 47.535929
1074 BISCHOFSZELL, 9.098744 47.532833;9.331078 47.529271;9.327244 47.421374;9.095381 47.424929;9.098744 47.532833
1075 RORSCHACH, 9.331078 47.529271;9.563381 47.525243;9.559076 47.417354;9.327244 47.421374;9.331078 47.529271
1076 ST. MARGRETHEN, 9.563381 47.525243;9.795647 47.520749;9.790872 47.412869;9.559076 47.417354;9.563381 47.525243
1084 DAMVANT, 6.77586 47.434897;7.007827 47.435993;7.008698 47.328064;6.7772 47.326969;6.77586 47.434897
1085 SAINT-URSANNE, 7.007827 47.435993;7.2398 47.436624;7.240202 47.328694;7.008698 47.328064;7.007827 47.435993
1086 DELEMONT, 7.2398 47.436624;7.471777 47.436791;7.47171 47.32886;7.240202 47.328694;7.2398 47.436624
1087 PASSWANG, 7.471777 47.436791;7.703753 47.436492;7.703217 47.328561;7.47171 47.32886;7.471777 47.436791
1088 HAUENSTEIN, 7.703753 47.436492;7.935725 47.435727;7.93472 47.327798;7.703217 47.328561;7.703753 47.436492
1089 AARAU, 7.935725 47.435727;8.167688 47.434498;8.166214 47.326571;7.93472 47.327798;7.935725 47.435727
1090 WOHLEN, 8.167688 47.434498;8.39964 47.432804;8.397697 47.32488;8.166214 47.326571;8.167688 47.434498
1091 ZUERICH, 8.39964 47.432804;8.631575 47.430644;8.629163 47.322725;8.397697 47.32488;8.39964 47.432804
1092 USTER, 8.631575 47.430644;8.86349 47.428019;8.860609 47.320105;8.629163 47.322725;8.631575 47.430644
1093 HOERNLI, 8.86349 47.428019;9.095381 47.424929;9.092031 47.317022;8.860609 47.320105;8.86349 47.428019
1094 DEGERSHEIM, 9.095381 47.424929;9.327244 47.421374;9.323425 47.313473;9.092031 47.317022;9.095381 47.424929
1095 GAIS, 9.327244 47.421374;9.559076 47.417354;9.554788 47.309461;9.323425 47.313473;9.327244 47.421374
1096 DIEPOLDSAU, 9.559076 47.417354;9.790872 47.412869;9.786115 47.304985;9.554788 47.309461;9.559076 47.417354
1104 SAIGNELEGIER, 6.7772 47.326969;7.008698 47.328064;7.009565 47.220131;6.778535 47.219039;6.7772 47.326969
1105 BELLELAY, 7.008698 47.328064;7.240202 47.328694;7.240602 47.22076;7.009565 47.220131;7.008698 47.328064
1106 MOUTIER, 7.240202 47.328694;7.47171 47.32886;7.471643 47.220925;7.240602 47.22076;7.240202 47.328694
1107 BALSTHAL, 7.47171 47.32886;7.703217 47.328561;7.702683 47.220627;7.471643 47.220925;7.47171 47.32886
1108 MURGENTHAL, 7.703217 47.328561;7.93472 47.327798;7.933719 47.219866;7.702683 47.220627;7.703217 47.328561
1109 SCHOEFTLAND, 7.93472 47.327798;8.166214 47.326571;8.164746 47.218642;7.933719 47.219866;7.93472 47.327798
1110 HITZKIRCH, 8.166214 47.326571;8.397697 47.32488;8.395761 47.216954;8.164746 47.218642;8.166214 47.326571
1111 ALBIS, 8.397697 47.32488;8.629163 47.322725;8.62676 47.214803;8.395761 47.216954;8.397697 47.32488
1112 STAEFA, 8.629163 47.322725;8.860609 47.320105;8.857739 47.212188;8.62676 47.214803;8.629163 47.322725
1113 RICKEN, 8.860609 47.320105;9.092031 47.317022;9.088694 47.20911;8.857739 47.212188;8.860609 47.320105
1114 NESSLAU, 9.092031 47.317022;9.323425 47.313473;9.319621 47.205569;9.088694 47.20911;9.092031 47.317022
1115 SAENTIS, 9.323425 47.313473;9.554788 47.309461;9.550516 47.201565;9.319621 47.205569;9.323425 47.313473
1116 FELDKIRCH, 9.554788 47.309461;9.786115 47.304985;9.781376 47.197097;9.550516 47.201565;9.554788 47.309461
1123 LE RUSSEY, 6.547516 47.217483;6.778535 47.219039;6.779865 47.111105;6.549311 47.109552;6.547516 47.217483
1124 LES BOIS, 6.778535 47.219039;7.009565 47.220131;7.010429 47.112195;6.779865 47.111105;6.778535 47.219039
1125 CHASSERAL, 7.009565 47.220131;7.240602 47.22076;7.241001 47.112822;7.010429 47.112195;7.009565 47.220131
1126 BUEREN AN DER AARE, 7.240602 47.22076;7.471643 47.220925;7.471577 47.112987;7.241001 47.112822;7.240602 47.22076
1127 SOLOTHURN, 7.471643 47.220925;7.702683 47.220627;7.702151 47.11269;7.471577 47.112987;7.471643 47.220925
1128 LANGENTHAL, 7.702683 47.220627;7.933719 47.219866;7.932722 47.111931;7.702151 47.11269;7.702683 47.220627
1129 SURSEE, 7.933719 47.219866;8.164746 47.218642;8.163283 47.110708;7.932722 47.111931;7.933719 47.219866
1130 HOCHDORF, 8.164746 47.218642;8.395761 47.216954;8.393833 47.109024;8.163283 47.110708;8.164746 47.218642
1131 ZUG, 8.395761 47.216954;8.62676 47.214803;8.624367 47.106877;8.393833 47.109024;8.395761 47.216954
1132 EINSIEDELN, 8.62676 47.214803;8.857739 47.212188;8.85488 47.104268;8.624367 47.106877;8.62676 47.214803
1133 LINTHEBENE, 8.857739 47.212188;9.088694 47.20911;9.08537 47.101196;8.85488 47.104268;8.857739 47.212188
1134 WALENSEE, 9.088694 47.20911;9.319621 47.205569;9.315832 47.097662;9.08537 47.101196;9.088694 47.20911
1135 BUCHS, 9.319621 47.205569;9.550516 47.201565;9.546262 47.093665;9.315832 47.097662;9.319621 47.205569
1136 DREI SCHWESTERN, 9.550516 47.201565;9.781376 47.197097;9.776656 47.089207;9.546262 47.093665;9.550516 47.201565
1143 LE LOCLE, 6.549311 47.109552;6.779865 47.111105;6.781189 47.003168;6.551099 47.001619;6.549311 47.109552
1144 VAL DE RUZ, 6.779865 47.111105;7.010429 47.112195;7.01129 47.004256;6.781189 47.003168;6.779865 47.111105
1145 BIELER SEE, 7.010429 47.112195;7.241001 47.112822;7.241399 47.004883;7.01129 47.004256;7.010429 47.112195
1146 LYSS, 7.241001 47.112822;7.471577 47.112987;7.47151 47.005047;7.241399 47.004883;7.241001 47.112822
1147 BURGDORF, 7.471577 47.112987;7.702151 47.11269;7.701622 47.004751;7.47151 47.005047;7.471577 47.112987
1148 SUMISWALD, 7.702151 47.11269;7.932722 47.111931;7.931728 47.003992;7.701622 47.004751;7.702151 47.11269
1149 WOLHUSEN, 7.932722 47.111931;8.163283 47.110708;8.161827 47.002773;7.931728 47.003992;7.932722 47.111931
1150 LUZERN, 8.163283 47.110708;8.393833 47.109024;8.391913 47.001092;8.161827 47.002773;8.163283 47.110708
1151 RIGI, 8.393833 47.109024;8.624367 47.106877;8.621983 46.998949;8.391913 47.001092;8.393833 47.109024
1152 IBERGEREGG, 8.624367 47.106877;8.85488 47.104268;8.852033 46.996345;8.621983 46.998949;8.624367 47.106877
1153 KLOENTAL, 8.85488 47.104268;9.08537 47.101196;9.082059 46.993279;8.852033 46.996345;8.85488 47.104268
1154 SPITZMEILEN, 9.08537 47.101196;9.315832 47.097662;9.312057 46.989752;9.082059 46.993279;9.08537 47.101196
1155 SARGANS, 9.315832 47.097662;9.546262 47.093665;9.542024 46.985763;9.312057 46.989752;9.315832 47.097662
1156 SCHESAPLANA, 9.546262 47.093665;9.776656 47.089207;9.771955 46.981313;9.542024 46.985763;9.546262 47.093665
1157 SULZFLUH, 9.776656 47.089207;10.007011 47.084285;10.001846 46.976402;9.771955 46.981313;9.776656 47.089207
1159 ISCHGL, 10.237323 47.078901;10.467587 47.073055;10.461495 46.965194;10.231694 46.971029;10.237323 47.078901
1162 LES VERRIERES, 6.321024 46.999608;6.551099 47.001619;6.55288 46.893683;6.323267 46.891677;6.321024 46.999608
1163 TRAVERS, 6.551099 47.001619;6.781189 47.003168;6.782508 46.89523;6.55288 46.893683;6.551099 47.001619
1164 NEUCHATEL, 6.781189 47.003168;7.01129 47.004256;7.012148 46.896315;6.782508 46.89523;6.781189 47.003168
1165 MURTEN, 7.01129 47.004256;7.241399 47.004883;7.241794 46.89694;7.012148 46.896315;7.01129 47.004256
1166 BERN, 7.241399 47.004883;7.47151 47.005047;7.471444 46.897105;7.241794 46.89694;7.241399 47.004883
1167 WORB, 7.47151 47.005047;7.701622 47.004751;7.701094 46.896809;7.471444 46.897105;7.47151 47.005047
1168 LANGNAU I. E,. 7.701622 47.004751;7.931728 47.003992;7.930739 46.896052;7.701094 46.896809;7.701622 47.004751
1169 SCHUEPFHEIM, 7.931728 47.003992;8.161827 47.002773;8.160376 46.894835;7.930739 46.896052;7.931728 47.003992
1170 ALPNACH, 8.161827 47.002773;8.391913 47.001092;8.39 46.893157;8.160376 46.894835;8.161827 47.002773
1171 BECKENRIED, 8.391913 47.001092;8.621983 46.998949;8.619608 46.891019;8.39 46.893157;8.391913 47.001092
1172 MUOTATAL, 8.621983 46.998949;8.852033 46.996345;8.849197 46.88842;8.619608 46.891019;8.621983 46.998949
1173 LINTHAL, 8.852033 46.996345;9.082059 46.993279;9.078761 46.88536;8.849197 46.88842;8.852033 46.996345
1174 ELM, 9.082059 46.993279;9.312057 46.989752;9.308298 46.88184;9.078761 46.88536;9.082059 46.993279
1175 VAETTIS, 9.312057 46.989752;9.542024 46.985763;9.537802 46.877859;9.308298 46.88184;9.312057 46.989752
1176 SCHIERS, 9.542024 46.985763;9.771955 46.981313;9.767272 46.873418;9.537802 46.877859;9.542024 46.985763
1177 SERNEUS, 9.771955 46.981313;10.001846 46.976402;9.996701 46.868516;9.767272 46.873418;9.771955 46.981313
1178 GROSS LITZNER, 10.001846 46.976402;10.231694 46.971029;10.226088 46.863153;9.996701 46.868516;10.001846 46.976402
1179 SAMNAUN TEIL, 1 10.231694 46.971029;10.461495 46.965194;10.455427 46.85733;10.226088 46.863153;10.231694 46.971029
2180 SAMNAUN TEIL, 2 10.461495 46.965194;10.691244 46.958898;10.684715 46.851047;10.455427 46.85733;10.461495 46.965194
1182 SAINTE-CROIX, 6.323267 46.891677;6.55288 46.893683;6.554654 46.785746;6.3255 46.783743;6.323267 46.891677
1183 GRANDSON, 6.55288 46.893683;6.782508 46.89523;6.783822 46.787289;6.554654 46.785746;6.55288 46.893683
1184 PAYERNE, 6.782508 46.89523;7.012148 46.896315;7.013002 46.788373;6.783822 46.787289;6.782508 46.89523
1185 FRIBOURG, 7.012148 46.896315;7.241794 46.89694;7.242189 46.788997;7.013002 46.788373;7.012148 46.896315
1186 SCHWARZENBURG, 7.241794 46.89694;7.471444 46.897105;7.471379 46.789161;7.242189 46.788997;7.241794 46.89694
1187 MUENSINGEN, 7.471444 46.897105;7.701094 46.896809;7.700568 46.788865;7.471379 46.789161;7.471444 46.897105
1188 EGGIWIL, 7.701094 46.896809;7.930739 46.896052;7.929754 46.78811;7.700568 46.788865;7.701094 46.896809
1189 SOERENBERG, 7.930739 46.896052;8.160376 46.894835;8.15893 46.786895;7.929754 46.78811;7.930739 46.896052
1190 MELCHTAL, 8.160376 46.894835;8.39 46.893157;8.388095 46.785221;8.15893 46.786895;8.160376 46.894835
1191 ENGELBERG, 8.39 46.893157;8.619608 46.891019;8.617243 46.783087;8.388095 46.785221;8.39 46.893157
1192 SCHAECHENTAL, 8.619608 46.891019;8.849197 46.88842;8.846372 46.780493;8.617243 46.783087;8.619608 46.891019
1193 TOEDI, 8.849197 46.88842;9.078761 46.88536;9.075476 46.777439;8.846372 46.780493;8.849197 46.88842
1194 FLIMS, 9.078761 46.88536;9.308298 46.88184;9.304553 46.773926;9.075476 46.777439;9.078761 46.88536
1195 REICHENAU, 9.308298 46.88184;9.537802 46.877859;9.533598 46.769953;9.304553 46.773926;9.308298 46.88184
1196 AROSA, 9.537802 46.877859;9.767272 46.873418;9.762607 46.765521;9.533598 46.769953;9.537802 46.877859
1197 DAVOS, 9.767272 46.873418;9.996701 46.868516;9.991577 46.760628;9.762607 46.765521;9.767272 46.873418
1198 SILVRETTA, 9.996701 46.868516;10.226088 46.863153;10.220504 46.755277;9.991577 46.760628;9.996701 46.868516
1199 SCUOL, 10.226088 46.863153;10.455427 46.85733;10.449383 46.749465;10.220504 46.755277;10.226088 46.863153
2200 PIZ LAD, 10.455427 46.85733;10.684715 46.851047;10.678211 46.743194;10.449383 46.749465;10.455427 46.85733
1201 MOUTHE, 6.096366 46.781281;6.3255 46.783743;6.327725 46.675808;6.099049 46.673351;6.096366 46.781281
1202 ORBE, 6.3255 46.783743;6.554654 46.785746;6.55642 46.677807;6.327725 46.675808;6.3255 46.783743
1203 YVERDON, 6.554654 46.785746;6.783822 46.787289;6.785131 46.679347;6.55642 46.677807;6.554654 46.785746
1204 ROMONT, 6.783822 46.787289;7.013002 46.788373;7.013852 46.680429;6.785131 46.679347;6.783822 46.787289
1205 ROSSENS, 7.013002 46.788373;7.242189 46.788997;7.242581 46.681051;7.013852 46.680429;7.013002 46.788373
1206 GUGGISBERG, 7.242189 46.788997;7.471379 46.789161;7.471313 46.681215;7.242581 46.681051;7.242189 46.788997
1207 THUN, 7.471379 46.789161;7.700568 46.788865;7.700045 46.68092;7.471313 46.681215;7.471379 46.789161
1208 BEATENBERG, 7.700568 46.788865;7.929754 46.78811;7.928772 46.680167;7.700045 46.68092;7.700568 46.788865
1209 BRIENZ, 7.929754 46.78811;8.15893 46.786895;8.157491 46.678954;7.928772 46.680167;7.929754 46.78811
1210 INNERTKIRCHEN, 8.15893 46.786895;8.388095 46.785221;8.386197 46.677283;8.157491 46.678954;8.15893 46.786895
1211 MEIENTAL, 8.388095 46.785221;8.617243 46.783087;8.614888 46.675153;8.386197 46.677283;8.388095 46.785221
1212 AMSTEG, 8.617243 46.783087;8.846372 46.780493;8.843558 46.672564;8.614888 46.675153;8.617243 46.783087
1213 TRUN, 8.846372 46.780493;9.075476 46.777439;9.072205 46.669517;8.843558 46.672564;8.846372 46.780493
1214 ILANZ, 9.075476 46.777439;9.304553 46.773926;9.300823 46.666011;9.072205 46.669517;9.075476 46.777439
1215 THUSIS, 9.304553 46.773926;9.533598 46.769953;9.52941 46.662046;9.300823 46.666011;9.304553 46.773926
1216 FILISUR, 9.533598 46.769953;9.762607 46.765521;9.757961 46.657622;9.52941 46.662046;9.533598 46.769953
1217 SCALETTAPASS, 9.762607 46.765521;9.991577 46.760628;9.986473 46.652739;9.757961 46.657622;9.762607 46.765521
1218 ZERNEZ, 9.991577 46.760628;10.220504 46.755277;10.214942 46.647398;9.986473 46.652739;9.991577 46.760628
1219 S-CHARL, 10.220504 46.755277;10.449383 46.749465;10.443363 46.641598;10.214942 46.647398;10.220504 46.755277
2220 GLORENZA, 10.449383 46.749465;10.678211 46.743194;10.671733 46.635339;10.443363 46.641598;10.449383 46.749465
1221 LE SENTIER, 6.099049 46.673351;6.327725 46.675808;6.329941 46.567873;6.101721 46.56542;6.099049 46.673351
1222 COSSONAY, 6.327725 46.675808;6.55642 46.677807;6.55818 46.569867;6.329941 46.567873;6.327725 46.675808
1223 ECHALLENS, 6.55642 46.677807;6.785131 46.679347;6.786434 46.571404;6.55818 46.569867;6.55642 46.677807
1224 MOUDON, 6.785131 46.679347;7.013852 46.680429;7.0147 46.572484;6.786434 46.571404;6.785131 46.679347
1225 GRUYERES, 7.013852 46.680429;7.242581 46.681051;7.242972 46.573105;7.0147 46.572484;7.013852 46.680429
1226 BOLTIGEN, 7.242581 46.681051;7.471313 46.681215;7.471248 46.573269;7.242972 46.573105;7.242581 46.681051
1227 NIESEN, 7.471313 46.681215;7.700045 46.68092;7.699523 46.572974;7.471248 46.573269;7.471313 46.681215
1228 LAUTERBRUNNEN, 7.700045 46.68092;7.928772 46.680167;7.927794 46.572222;7.699523 46.572974;7.700045 46.68092
1229 GRINDELWALD, 7.928772 46.680167;8.157491 46.678954;8.156057 46.571012;7.927794 46.572222;7.928772 46.680167
1230 GUTTANNEN, 8.157491 46.678954;8.386197 46.677283;8.384307 46.569344;8.156057 46.571012;8.157491 46.678954
1231 URSEREN, 8.386197 46.677283;8.614888 46.675153;8.612541 46.567218;8.384307 46.569344;8.386197 46.677283
1232 OBERALPPASS, 8.614888 46.675153;8.843558 46.672564;8.840756 46.564635;8.612541 46.567218;8.614888 46.675153
1233 GREINA, 8.843558 46.672564;9.072205 46.669517;9.068946 46.561593;8.840756 46.564635;8.843558 46.672564
1234 VALS, 9.072205 46.669517;9.300823 46.666011;9.297108 46.558094;9.068946 46.561593;9.072205 46.669517
1235 ANDEER, 9.300823 46.666011;9.52941 46.662046;9.525239 46.554137;9.297108 46.558094;9.300823 46.666011
1236 SAVOGNIN, 9.52941 46.662046;9.757961 46.657622;9.753334 46.549722;9.525239 46.554137;9.52941 46.662046
1237 ALBULAPASS, 9.757961 46.657622;9.986473 46.652739;9.98139 46.544849;9.753334 46.549722;9.757961 46.657622
1238 PIZ QUATTERVALS, 9.986473 46.652739;10.214942 46.647398;10.209402 46.539519;9.98139 46.544849;9.986473 46.652739
1239 SANTA MARIA, 10.214942 46.647398;10.443363 46.641598;10.437367 46.53373;10.209402 46.539519;10.214942 46.647398
2240 MUESTAIR, 10.443363 46.641598;10.671733 46.635339;10.66528 46.527484;10.437367 46.53373;10.443363 46.641598
1240 LES ROUSSES, 5.873523 46.562509;6.101721 46.56542;6.104382 46.457488;5.876639 46.454583;5.873523 46.562509
1241 MARCHAIRUZ, 6.101721 46.56542;6.329941 46.567873;6.332148 46.459936;6.104382 46.457488;6.101721 46.56542
1242 MORGES, 6.329941 46.567873;6.55818 46.569867;6.559933 46.461927;6.332148 46.459936;6.329941 46.567873
1243 LAUSANNE, 6.55818 46.569867;6.786434 46.571404;6.787733 46.463461;6.559933 46.461927;6.55818 46.569867
1244 CHATEL-SAINT-DENIS, 6.786434 46.571404;7.0147 46.572484;7.015543 46.464538;6.787733 46.463461;6.786434 46.571404
1245 CHATEAU-D'OEX, 7.0147 46.572484;7.242972 46.573105;7.243362 46.465158;7.015543 46.464538;7.0147 46.572484
1246 ZWEISIMMEN, 7.242972 46.573105;7.471248 46.573269;7.471183 46.465321;7.243362 46.465158;7.242972 46.573105
1247 ADELBODEN, 7.471248 46.573269;7.699523 46.572974;7.699004 46.465028;7.471183 46.465321;7.471248 46.573269
1248 MUERREN, 7.699523 46.572974;7.927794 46.572222;7.926821 46.464277;7.699004 46.465028;7.699523 46.572974
1249 FINSTERAARHORN, 7.927794 46.572222;8.156057 46.571012;8.154629 46.463069;7.926821 46.464277;7.927794 46.572222
1250 ULRICHEN, 8.156057 46.571012;8.384307 46.569344;8.382425 46.461405;8.154629 46.463069;8.156057 46.571012
1251 VAL BEDRETTO, 8.384307 46.569344;8.612541 46.567218;8.610205 46.459283;8.382425 46.461405;8.384307 46.569344
1252 AMBRI-PIOTTA, 8.612541 46.567218;8.840756 46.564635;8.837964 46.456705;8.610205 46.459283;8.612541 46.567218
1253 OLIVONE, 8.840756 46.564635;9.068946 46.561593;9.0657 46.45367;8.837964 46.456705;8.840756 46.564635
1254 HINTERRHEIN, 9.068946 46.561593;9.297108 46.558094;9.293408 46.450177;9.0657 46.45367;9.068946 46.561593
1255 SPLUEGENPASS, 9.297108 46.558094;9.525239 46.554137;9.521085 46.446228;9.293408 46.450177;9.297108 46.558094
1256 BIVIO, 9.525239 46.554137;9.753334 46.549722;9.748725 46.441822;9.521085 46.446228;9.525239 46.554137
1257 ST. MORITZ, 9.753334 46.549722;9.98139 46.544849;9.976326 46.436959;9.748725 46.441822;9.753334 46.549722
1258 LA STRETTA, 9.98139 46.544849;10.209402 46.539519;10.203884 46.431639;9.976326 46.436959;9.98139 46.544849
2260 TEIL MUESTAIR, 10.437367 46.53373;10.66528 46.527484;10.658854 46.419628;10.431395 46.425862;10.437367 46.53373
1260 COL DE LA FAUCILLE, 5.876639 46.454583;6.104382 46.457488;6.107033 46.349556;5.879742 46.346657;5.876639 46.454583
1261 NYON, 6.104382 46.457488;6.332148 46.459936;6.334346 46.351999;6.107033 46.349556;6.104382 46.457488
1262 THONON, 6.332148 46.459936;6.559933 46.461927;6.561678 46.353986;6.334346 46.351999;6.332148 46.459936
1263 EVIAN LES BAINS, 6.559933 46.461927;6.787733 46.463461;6.789026 46.355517;6.561678 46.353986;6.559933 46.461927
1264 MONTREUX, 6.787733 46.463461;7.015543 46.464538;7.016384 46.356592;6.789026 46.355517;6.787733 46.463461
1265 LES MOSSES, 7.015543 46.464538;7.243362 46.465158;7.24375 46.357211;7.016384 46.356592;7.015543 46.464538
1266 LENK, 7.243362 46.465158;7.471183 46.465321;7.471119 46.357374;7.24375 46.357211;7.243362 46.465158
1267 GEMMI, 7.471183 46.465321;7.699004 46.465028;7.698487 46.357081;7.471119 46.357374;7.471183 46.465321
1268 LOETSCHENTAL, 7.699004 46.465028;7.926821 46.464277;7.925851 46.356332;7.698487 46.357081;7.699004 46.465028
1269 ALETSCHGLETSCHER, 7.926821 46.464277;8.154629 46.463069;8.153207 46.355126;7.925851 46.356332;7.926821 46.464277
1270 BINNTAL, 8.154629 46.463069;8.382425 46.461405;8.38055 46.353465;8.153207 46.355126;8.154629 46.463069
1271 BASODINO, 8.382425 46.461405;8.610205 46.459283;8.607877 46.351348;8.38055 46.353465;8.382425 46.461405
1272 P. CAMPO TENCIA, 8.610205 46.459283;8.837964 46.456705;8.835184 46.348775;8.607877 46.351348;8.610205 46.459283
1273 BIASCA, 8.837964 46.456705;9.0657 46.45367;9.062468 46.345745;8.835184 46.348775;8.837964 46.456705
1274 MESOCCO, 9.0657 46.45367;9.293408 46.450177;9.289723 46.34226;9.062468 46.345745;9.0657 46.45367
1275 CAMPODOLCINO, 9.293408 46.450177;9.521085 46.446228;9.516947 46.338319;9.289723 46.34226;9.293408 46.450177
1276 VAL BREGAGLIA, 9.521085 46.446228;9.748725 46.441822;9.744135 46.333921;9.516947 46.338319;9.521085 46.446228
1277 PIZ BERNINA, 9.748725 46.441822;9.976326 46.436959;9.971284 46.329068;9.744135 46.333921;9.748725 46.441822
1278 LA ROESA, 9.976326 46.436959;10.203884 46.431639;10.198389 46.323759;9.971284 46.329068;9.976326 46.436959
1280 GEX, 5.879742 46.346657;6.107033 46.349556;6.109673 46.241625;5.882833 46.238732;5.879742 46.346657
1281 COPPET, 6.107033 46.349556;6.334346 46.351999;6.336535 46.244063;6.109673 46.241625;6.107033 46.349556
1282 TEIL THONON, 6.334346 46.351999;6.561678 46.353986;6.563417 46.246046;6.336535 46.244063;6.334346 46.351999
1283 TEIL MONTHEY, 6.561678 46.353986;6.789026 46.355517;6.790313 46.247574;6.563417 46.246046;6.561678 46.353986
1284 MONTHEY, 6.789026 46.355517;7.016384 46.356592;7.017221 46.248646;6.790313 46.247574;6.789026 46.355517
1285 LES DIABLERETS, 7.016384 46.356592;7.24375 46.357211;7.244136 46.249264;7.017221 46.248646;7.016384 46.356592
1286 SAINT-LEONARD, 7.24375 46.357211;7.471119 46.357374;7.471054 46.249427;7.244136 46.249264;7.24375 46.357211
1287 SIERRE, 7.471119 46.357374;7.698487 46.357081;7.697972 46.249134;7.471054 46.249427;7.471119 46.357374
1288 RARON, 7.698487 46.357081;7.925851 46.356332;7.924885 46.248386;7.697972 46.249134;7.698487 46.357081
1289 BRIG, 7.925851 46.356332;8.153207 46.355126;8.15179 46.247184;7.924885 46.248386;7.925851 46.356332
1290 HELSENHORN, 8.153207 46.355126;8.38055 46.353465;8.378683 46.245526;8.15179 46.247184;8.153207 46.355126
1291 BOSCO/GURIN, 8.38055 46.353465;8.607877 46.351348;8.605559 46.243413;8.378683 46.245526;8.38055 46.353465
1292 MAGGIA, 8.607877 46.351348;8.835184 46.348775;8.832416 46.240845;8.605559 46.243413;8.607877 46.351348
1293 OSOGNA, 8.835184 46.348775;9.062468 46.345745;9.059248 46.237821;8.832416 46.240845;8.835184 46.348775
1294 GRONO, 9.062468 46.345745;9.289723 46.34226;9.286053 46.234343;9.059248 46.237821;9.062468 46.345745
1295 TEIL GRONO / SCIORA, 9.289723 46.34226;9.516947 46.338319;9.512826 46.23041;9.286053 46.234343;9.289723 46.34226
1296 SCIORA, 9.516947 46.338319;9.744135 46.333921;9.739563 46.226021;9.512826 46.23041;9.516947 46.338319
1298 LAGO DI POSCHIAVO, 9.971284 46.329068;10.198389 46.323759;10.192916 46.215879;9.966261 46.221177;9.971284 46.329068
1300 CHANCY, 5.882833 46.238732;6.109673 46.241625;6.112302 46.133694;5.885911 46.130806;5.882833 46.238732
1301 GENEVE, 6.109673 46.241625;6.336535 46.244063;6.338716 46.136127;6.112302 46.133694;6.109673 46.241625
1304 VAL D'ILLIEZ, 6.790313 46.247574;7.017221 46.248646;7.018055 46.140701;6.791596 46.139631;6.790313 46.247574
1305 DENT DE MORCLES, 7.017221 46.248646;7.244136 46.249264;7.244521 46.141318;7.018055 46.140701;7.017221 46.248646
1306 SION, 7.244136 46.249264;7.471054 46.249427;7.47099 46.14148;7.244521 46.141318;7.244136 46.249264
1307 VISSOIE, 7.471054 46.249427;7.697972 46.249134;7.697459 46.141188;7.47099 46.14148;7.471054 46.249427
1308 ST. NIKLAUS, 7.697972 46.249134;7.924885 46.248386;7.923923 46.140442;7.697459 46.141188;7.697972 46.249134
1309 SIMPLON, 7.924885 46.248386;8.15179 46.247184;8.150379 46.139241;7.923923 46.140442;7.924885 46.248386
1310 TEIL SIMPLON, 8.15179 46.247184;8.378683 46.245526;8.376823 46.137587;8.150379 46.139241;8.15179 46.247184
1311 COMOLOGNO, 8.378683 46.245526;8.605559 46.243413;8.603251 46.135478;8.376823 46.137587;8.378683 46.245526
1312 LOCARNO, 8.605559 46.243413;8.832416 46.240845;8.829658 46.132915;8.603251 46.135478;8.605559 46.243413
1313 BELLINZONA, 8.832416 46.240845;9.059248 46.237821;9.056042 46.129898;8.829658 46.132915;8.832416 46.240845
1314 PASSO SAN JORIO, 9.059248 46.237821;9.286053 46.234343;9.282398 46.126427;9.056042 46.129898;9.059248 46.237821
1318 TEIL LOGO DI POSCHIAVO, 9.966261 46.221177;10.192916 46.215879;10.187465 46.107999;9.961259 46.113287;9.966261 46.221177
1320 TEIL CHANCY, 5.882833 46.238732;6.109673 46.241625;6.112302 46.133694;5.885911 46.130806;5.882833 46.238732
1324 BARBERINE, 6.791596 46.139631;7.018055 46.140701;7.018885 46.032757;6.792873 46.031689;6.791596 46.139631
1325 SEMBRANCHER, 7.018055 46.140701;7.244521 46.141318;7.244904 46.033372;7.018885 46.032757;7.018055 46.140701
1326 ROSABLANCHE, 7.244521 46.141318;7.47099 46.14148;7.470926 46.033534;7.244904 46.033372;7.244521 46.141318
1327 EVOLENE, 7.47099 46.14148;7.697459 46.141188;7.696948 46.033243;7.470926 46.033534;7.47099 46.14148
1328 RANDA, 7.697459 46.141188;7.923923 46.140442;7.922965 46.032498;7.696948 46.033243;7.697459 46.141188
1329 SAAS, 7.923923 46.140442;8.150379 46.139241;8.148974 46.0313;7.922965 46.032498;7.923923 46.140442
1332 BRISSAGO, 8.603251 46.135478;8.829658 46.132915;8.826912 46.024987;8.600951 46.027545;8.603251 46.135478
1333 TESSERETE, 8.829658 46.132915;9.056042 46.129898;9.052848 46.021976;8.826912 46.024987;8.829658 46.132915
1334 PORLEZZA, 9.056042 46.129898;9.282398 46.126427;9.278757 46.018511;9.052848 46.021976;9.056042 46.129898
1344 COL DE BALME, 6.792873 46.031689;7.018885 46.032757;7.019712 45.924815;6.794145 45.923748;6.792873 46.031689
1345 ORSIERES, 7.018885 46.032757;7.244904 46.033372;7.245286 45.925428;7.019712 45.924815;7.018885 46.032757
1346 CHANRION, 7.244904 46.033372;7.470926 46.033534;7.470863 45.92559;7.245286 45.925428;7.244904 46.033372
1347 MATTERHORN, 7.470926 46.033534;7.696948 46.033243;7.696439 45.925299;7.470863 45.92559;7.470926 46.033534
1348 ZERMATT, 7.696948 46.033243;7.922965 46.032498;7.922011 45.924556;7.696439 45.925299;7.696948 46.033243
1349 MONTE MORO, 7.922965 46.032498;8.148974 46.0313;8.147575 45.923361;7.922011 45.924556;7.922965 46.032498
1352 LUINO, 8.600951 46.027545;8.826912 46.024987;8.824177 45.91706;8.598661 45.919612;8.600951 46.027545
1353 LUGANO, 8.826912 46.024987;9.052848 46.021976;9.049668 45.914055;8.824177 45.91706;8.826912 46.024987
1354 TEIL COMO, 9.052848 46.021976;9.278757 46.018511;9.275132 45.910597;9.049668 45.914055;9.052848 46.021976
1365 GRAND-ST-BERNARD, 7.019712 45.924815;7.245286 45.925428;7.245666 45.817486;7.020535 45.816874;7.019712 45.924815
1366 MONT VELAN, 7.245286 45.925428;7.470863 45.92559;7.470799 45.817648;7.245666 45.817486;7.245286 45.925428
1368 TEIL ZERMATT, 7.696439 45.925299;7.922011 45.924556;7.921061 45.816616;7.695932 45.817357;7.696439 45.925299
1373 MENDRISIO, 8.824177 45.91706;9.049668 45.914055;9.046501 45.806135;8.821453 45.809134;8.824177 45.91706
1374 COMO, 9.049668 45.914055;9.275132 45.910597;9.271521 45.802685;9.046501 45.806135;9.049668 45.914055
